0 0.4384253246753247 0.16411400247831473 0.7085714285714286 0.019981412639405203
2 0.3813961038961039 0.4873543990086741 0.5459253246753247 0.01855018587360595
2 0.32063311688311685 0.5697707558859976 0.4131818181818182 0.017837670384138787
2 0.29633116883116883 0.5476517967781908 0.2972727272727273 0.019268897149938045
2 0.3094155844155844 0.6300681536555143 0.39823051948051946 0.019981412639405203
2 0.2533279220779221 0.6086617100371747 0.20378246753246754 0.017125154894671625
2 0.23089285714285712 0.5886802973977695 0.16266233766233767 0.017125154894671625
2 0.28511363636363635 0.6707372986369269 0.3458766233766234 0.01855018587360595
2 0.2944642857142857 0.6500433705080546 0.289788961038961 0.017125154894671625
2 0.3617694805194805 0.7110532837670385 0.4169155844155844 0.019268897149938045
2 0.2019155844155844 0.6910718711276332 0.1794805194805195 0.017837670384138787
3 0.8151461038961039 0.7510161090458489 0.11590909090909092 0.020693928128872364
1 0.5244155844155844 0.4470384138785626 0.22621753246753246 0.019268897149938045