0 0.362339514978602 0.06689453125 0.62339514978602 0.01708984375
1 0.14550641940085593 0.37451171875 0.20399429386590584 0.01318359375
2 0.2211126961483595 0.42333984375 0.35235378031383735 0.015625
2 0.2624821683309558 0.45556640625 0.42938659058487877 0.0126953125
2 0.26390870185449355 0.48779296875 0.43081312410841655 0.0126953125
2 0.25962910128388017 0.51953125 0.42653352353780316 0.0126953125
2 0.34807417974322397 0.55126953125 0.5977175463623395 0.01171875
2 0.38516405135520687 0.58349609375 0.6761768901569187 0.013671875
2 0.38516405135520687 0.61572265625 0.6733238231098431 0.0126953125
2 0.24251069900142652 0.6494140625 0.38659058487874465 0.0126953125
2 0.3566333808844508 0.6806640625 0.6205420827389444 0.013671875
3 0.7631954350927247 0.76025390625 0.11697574893009986 0.01318359375