0 0.3692551505546751 0.0927734375 0.5879556259904913 0.01904296875
1 0.5071315372424723 0.1962890625 0.23613312202852615 0.01416015625
2 0.24564183835182252 0.251953125 0.36608557844690964 0.0166015625
2 0.24881141045958796 0.2880859375 0.3692551505546751 0.01611328125
2 0.26148969889064977 0.322265625 0.39619651347068147 0.0146484375
2 0.21870047543581617 0.35693359375 0.3058637083993661 0.0185546875
2 0.21711568938193343 0.39306640625 0.3011093502377179 0.01708984375
2 0.2202852614896989 0.42822265625 0.3074484944532488 0.017578125
2 0.2202852614896989 0.46337890625 0.3090332805071315 0.01416015625
2 0.22345483359746435 0.498046875 0.29952456418383516 0.01416015625
2 0.2218700475435816 0.5302734375 0.31061806656101426 0.02001953125
2 0.2202852614896989 0.56591796875 0.30427892234548337 0.01416015625
2 0.21711568938193343 0.6025390625 0.30269413629160064 0.015625
2 0.21553090332805072 0.63916015625 0.30427892234548337 0.01708984375
3 0.8652931854199684 0.70556640625 0.1410459587955626 0.015625