0 0.47099447513812154 0.15283203125 0.324585635359116 0.015625
3 0.5704419889502762 0.515625 0.060082872928176795 0.01611328125
1 0.39848066298342544 0.30615234375 0.06975138121546962 0.009765625
2 0.4261049723756906 0.37158203125 0.18093922651933703 0.02490234375
2 0.42472375690607733 0.35107421875 0.18024861878453038 0.0126953125
2 0.393646408839779 0.33642578125 0.11533149171270718 0.0126953125
2 0.4191988950276243 0.40625 0.1685082872928177 0.0126953125
2 0.4026243093922652 0.392578125 0.13950276243093923 0.01171875
2 0.4171270718232044 0.4482421875 0.1643646408839779 0.0126953125
2 0.4005524861878453 0.43359375 0.13121546961325967 0.01318359375
2 0.36256906077348067 0.419921875 0.057320441988950276 0.01171875