0 0.47859116022099446 0.2421875 0.20165745856353592 0.01416015625
3 0.5966850828729282 0.560546875 0.05662983425414365 0.01318359375
2 0.4088397790055249 0.369140625 0.15538674033149172 0.02392578125
2 0.4046961325966851 0.390625 0.1464088397790055 0.01171875
2 0.3743093922651934 0.4462890625 0.08701657458563536 0.00927734375
2 0.3812154696132597 0.43212890625 0.10151933701657459 0.01220703125
2 0.3680939226519337 0.41796875 0.07734806629834254 0.01123046875
2 0.3660220994475138 0.40478515625 0.0738950276243094 0.0126953125
2 0.39433701657458564 0.48095703125 0.12223756906077347 0.02197265625
2 0.35566298342541436 0.46044921875 0.05041436464088398 0.009765625
1 0.5165745856353591 0.62353515625 0.0787292817679558 0.00927734375