0 0.5455801104972375 0.1455078125 0.1464088397790055 0.01220703125
1 0.6346685082872928 0.29296875 0.058011049723756904 0.01123046875
3 0.6312154696132597 0.60888671875 0.03729281767955801 0.0126953125
2 0.518646408839779 0.37158203125 0.029696132596685083 0.013671875
2 0.5048342541436464 0.39453125 0.05939226519337017 0.01318359375
2 0.5041436464088398 0.427734375 0.058011049723756904 0.0126953125
2 0.5034530386740331 0.4501953125 0.060082872928176795 0.01171875
2 0.5 0.47265625 0.05179558011049724 0.01416015625
2 0.5034530386740331 0.49560546875 0.058011049723756904 0.0126953125
2 0.5013812154696132 0.5185546875 0.060082872928176795 0.01220703125
2 0.5082872928176796 0.54052734375 0.07113259668508287 0.01416015625