0 0.3589001447178003 0.10888671875 0.5672937771345875 0.01904296875
1 0.4905933429811867 0.2255859375 0.23878437047756873 0.01416015625
2 0.2662807525325615 0.28466796875 0.4312590448625181 0.01318359375
2 0.3429811866859624 0.322265625 0.5716353111432706 0.013671875
2 0.1389290882778582 0.36083984375 0.17221418234442837 0.017578125
2 0.13603473227206947 0.3984375 0.17655571635311143 0.01806640625
2 0.15918958031837915 0.4375 0.21562952243125905 0.01513671875
2 0.26772793053545585 0.47509765625 0.4283646888567294 0.02001953125
2 0.15050651230101303 0.51220703125 0.191027496382055 0.01513671875
2 0.25615050651230103 0.5517578125 0.4081041968162084 0.01513671875
2 0.2040520984081042 0.58837890625 0.3024602026049204 0.01611328125
3 0.8379160636758322 0.6630859375 0.13314037626628075 0.01513671875